6.3856980752953832e-02
1.9165430801309138e-01
3.1970216833658222e-01
4.4816904128336249e-01
5.7722560975357362e-01
7.0704567578773003e-01
8.3780711162681132e-01
9.6969285726985777e-01
1.1028919766864318e+00
1.2376007860206579e+00
1.3740240685989753e+00
1.5123763933723040e+00
1.6528835556443213e+00
1.7957841616354386e+00
1.9413313817003015e+00
2.0897949009719841e+00
2.2414631009950221e+00
2.3966455117159087e+00
2.5556755802554725e+00
2.7189138114858853e+00
2.8867513459481295e+00
3.0596140535491942e+00
3.2379672373816084e+00
3.4223210616981716e+00
3.6132368425728911e+00
3.8113343704184550e+00
4.0173004720638401e+00
4.2318990688428668e+00
4.4559830491990224e+00
4.6905083538310350e+00
4.9365507740197403e+00
5.1953260971875146e+00
5.4682144085649016e+00
5.7567895888639304e+00
6.0628553558987983e+00
6.3884896127726920e+00
6.7360994292184646e+00
7.1084897581446871e+00
7.5089500683507966e+00
7.9413645946657407e+00
8.4103540786141213e+00
8.9214600219004367e+00
9.4813871159133623e+00
1.0098326471823787e+01
1.0782392922658248e+01
1.1546226304371206e+01
1.2405833239970031e+01
1.3381789678729636e+01
1.4500998443738892e+01
1.5799325543133840e+01
1.7325674458763928e+01
1.9148504996983299e+01
2.1366698028155145e+01
2.4128568767988746e+01
2.7667177143049781e+01
3.2370948505834939e+01
3.8939039189356464e+01
4.8769750370979217e+01
6.5125769634447323e+01
9.7795137174630653e+01
1.9571800914539097e+02
