1.2771396150590766e-02
3.8330861602618276e-02
6.3940433667316443e-02
8.9633808256672498e-02
1.1544512195071471e-01
1.4140913515754600e-01
1.6756142232536225e-01
1.9393857145397156e-01
2.2057839533728638e-01
2.4752015720413159e-01
2.7480481371979504e-01
3.0247527867446078e-01
3.3057671112886428e-01
3.5915683232708773e-01
3.8826627634006033e-01
4.1795898019439676e-01
4.4829262019900440e-01
4.7932910234318166e-01
5.1113511605109452e-01
5.4378276229717715e-01
5.7735026918962595e-01
6.1192281070983878e-01
6.4759344747632175e-01
6.8446421233963428e-01
7.2264736851457834e-01
7.6226687408369109e-01
8.0346009441276800e-01
8.4637981376857330e-01
8.9119660983980453e-01
9.3810167076620699e-01
9.8731015480394801e-01
1.0390652194375030e+00
1.0936428817129804e+00
1.1513579177727860e+00
1.2125710711797597e+00
1.2776979225545384e+00
1.3472198858436928e+00
1.4216979516289374e+00
1.5017900136701594e+00
1.5882729189331479e+00
1.6820708157228241e+00
1.7842920043800876e+00
1.8962774231826727e+00
2.0196652943647577e+00
2.1564785845316496e+00
2.3092452608742411e+00
2.4811666479940064e+00
2.6763579357459273e+00
2.9001996887477781e+00
3.1598651086267679e+00
3.4651348917527853e+00
3.8297009993966600e+00
4.2733396056310289e+00
4.8257137535977490e+00
5.5334354286099563e+00
6.4741897011669876e+00
7.7878078378712923e+00
9.7539500741958438e+00
1.3025153926889464e+01
1.9559027434926133e+01
3.9143601829078193e+01
