3.6546405051350754e-02
1.1003128880378911e-01
1.8470936627060627e-01
2.6143425792183422e-01
3.4115261628769006e-01
4.2495392220069594e-01
5.1413544705957692e-01
6.1029118812973193e-01
7.1543865170572651e-01
8.3220633819466017e-01
9.6412119196684876e-01
1.1160665190595807e+00
1.2950434061084883e+00
1.5115015907333538e+00
1.7818095765081645e+00
2.1331934208866308e+00
2.6146006277690779e+00
3.3238583599124967e+00
4.4891463429362251e+00
6.7948862187405208e+00
1.3662963003811296e+01
