5.0649168838712642e-02
1.0116832198743210e-01
1.5142777750457637e-01
2.0129852008866020e-01
2.5065253225872064e-01
2.9936312297335804e-01
3.4730525284482017e-01
3.9435585511331844e-01
4.4039415155763439e-01
4.8530196253108088e-01
5.2896401032696216e-01
5.7126821509479253e-01
6.1210598254766291e-01
6.5137248272222203e-01
6.8896691907568663e-01
7.2479278722911977e-01
7.5875812269279086e-01
7.9077573693769843e-01
8.2076344120727607e-01
8.4864425749475103e-01
8.7434661614458209e-01
8.9780453957074158e-01
9.1895781162023060e-01
9.3775213214708031e-01
9.5413925640004882e-01
9.6807711886620418e-01
9.7952994125249448e-01
9.8846832432811138e-01
9.9486932339189516e-01
9.9871650717105276e-01
1.0000000000000000e+00
